x y z nx ny nz
-0.043117 0.007895 0.631345 -0.089913 -0.977732 0.189619
-0.036117 0.007805 0.630956 -0.032741 -0.996835 0.072440
-0.027920 0.007784 0.631203 -0.002963 -0.999518 0.030919
-0.021088 0.007908 0.631371 0.024772 -0.999592 -0.014238
-0.065071 0.014646 0.630938 -0.694674 -0.684272 0.221811
-0.059960 0.011749 0.631003 -0.384772 -0.897631 0.214961
-0.051937 0.009567 0.631046 -0.158460 -0.969672 0.186081
-0.044351 0.008870 0.630972 -0.082392 -0.986438 0.141959
-0.035930 0.008559 0.630924 -0.031235 -0.998233 0.050554
-0.028346 0.008507 0.631034 0.000663 -0.999951 -0.009918
-0.019872 0.008716 0.631027 0.025259 -0.999490 -0.019529
-0.011870 0.008945 0.630848 0.057334 -0.997790 -0.033599
-0.003839 0.009349 0.631026 0.109279 -0.993756 -0.022543
0.003937 0.010504 0.631092 0.198580 -0.980031 -0.010268
0.011969 0.012545 0.631056 0.362201 -0.931869 -0.020732
0.017190 0.014848 0.631120 0.585979 -0.808268 -0.057728
-0.068282 0.019793 0.631057 -0.854812 -0.442282 0.271448
0.021046 0.019567 0.630965 0.856041 -0.513272 -0.061193
-0.070978 0.027921 0.631054 -0.943724 -0.219348 0.247532
0.023573 0.026743 0.630922 0.971843 -0.227457 -0.061516
0.024451 0.029303 0.630994 0.984352 -0.162564 -0.067998
-0.072344 0.036583 0.631013 -0.972078 -0.072621 0.223138
-0.071747 0.035098 0.631338 -0.936232 -0.092758 0.338917
0.024944 0.035609 0.630899 0.994495 -0.074892 -0.073284
-0.072383 0.043648 0.630861 -0.981196 0.031990 0.190344
-0.071795 0.045930 0.631159 -0.953345 0.059783 0.295905
0.025179 0.044148 0.631016 0.996879 0.023400 -0.075392
-0.072154 0.049364 0.631144 -0.971792 0.093951 0.216319
-0.071482 0.052373 0.630956 -0.963802 0.145302 0.223547
0.023786 0.054501 0.631031 0.976657 0.199534 -0.079542
0.024776 0.051570 0.630911 0.990493 0.118307 -0.070197
-0.069945 0.059522 0.631060 -0.928366 0.278630 0.245973
0.022754 0.060113 0.631154 0.920597 0.385335 -0.063384
0.024200 0.056582 0.630937 0.968722 0.240472 -0.061242
-0.066375 0.067317 0.631328 -0.791428 0.542749 0.281187
-0.062209 0.070967 0.630810 -0.540307 0.797949 0.267106
0.005683 0.071608 0.630751 0.218635 0.975793 0.005187
0.012150 0.070048 0.630961 0.359665 0.933019 -0.010764
0.018960 0.066349 0.631082 0.665070 0.745299 -0.047012
-0.058452 0.072989 0.630964 -0.350946 0.912655 0.209517
-0.051685 0.074459 0.631007 -0.163740 0.962555 0.216049
-0.044023 0.074850 0.630961 -0.076691 0.980418 0.181381
-0.035906 0.075126 0.630868 -0.028270 0.995493 0.090522
-0.028147 0.074893 0.630972 0.007084 0.999471 0.031748
-0.020489 0.074776 0.630967 0.029759 0.999557 -0.000342
-0.012078 0.074417 0.630930 0.069801 0.997034 -0.032432
-0.003835 0.073739 0.630937 0.118872 0.992588 -0.025288
0.003103 0.072575 0.631059 0.180488 0.983577 -0.000197
-0.043091 0.007902 0.633790 -0.094491 -0.976727 0.192551
-0.035726 0.007780 0.634333 -0.050168 -0.989454 0.135881
-0.028254 0.007795 0.635300 -0.020123 -0.993951 0.107969
-0.020624 0.007791 0.635863 0.010544 -0.996963 0.077154
-0.013821 0.007862 0.636523 0.041402 -0.996800 0.068376
-0.064829 0.014851 0.633965 -0.617229 -0.655144 0.435678
-0.059754 0.013235 0.636058 -0.401462 -0.796615 0.451922
-0.052105 0.011041 0.636287 -0.187215 -0.912069 0.364801
-0.044188 0.009827 0.636499 -0.123600 -0.946729 0.297369
-0.036093 0.009121 0.636673 -0.075388 -0.973192 0.217290
-0.027994 0.008863 0.637086 -0.032831 -0.986731 0.159007
-0.020015 0.008705 0.636959 0.005202 -0.993900 0.110160
-0.011942 0.008757 0.636679 0.046034 -0.996127 0.074912
-0.004039 0.009239 0.636389 0.105030 -0.993333 0.047518
0.003968 0.010450 0.636052 0.199684 -0.979707 0.017304
0.012084 0.012635 0.636017 0.353883 -0.935282 0.003787
0.017397 0.015008 0.636238 0.587054 -0.809447 -0.012806
-0.066607 0.020333 0.635869 -0.742090 -0.398453 0.539016
-0.062640 0.017884 0.638374 -0.664743 -0.536393 0.520000
0.021392 0.019820 0.636057 0.868231 -0.495332 -0.028635
-0.072380 0.029147 0.633897 -0.738487 -0.352369 0.574868
-0.068838 0.027805 0.636357 -0.823160 -0.213836 0.526006
0.023605 0.025787 0.635958 0.961980 -0.269068 -0.046873
0.024586 0.029100 0.636203 0.983242 -0.174662 -0.052229
-0.072301 0.036857 0.633270 -0.925762 -0.068389 0.371871
-0.069848 0.035850 0.636756 -0.847782 -0.074907 0.525028
0.025311 0.036014 0.635986 0.995409 -0.068774 -0.066560
-0.072327 0.043664 0.633358 -0.926784 0.024877 0.374769
-0.069886 0.044097 0.636923 -0.844988 0.036161 0.533561
0.025518 0.043981 0.635977 0.997464 0.021496 -0.067848
-0.072197 0.049071 0.632765 -0.925171 0.085451 0.369807
-0.069432 0.052088 0.636418 -0.841307 0.137394 0.522805
0.023803 0.055354 0.635071 0.974023 0.220331 -0.052289
0.024953 0.051913 0.636037 0.988179 0.143043 -0.055145
-0.067567 0.059904 0.636253 -0.796585 0.284677 0.533302
-0.063450 0.062944 0.639082 -0.780072 0.446639 0.438179
0.022697 0.060631 0.635873 0.917072 0.397354 -0.032990
0.024314 0.057039 0.636774 0.941476 0.335407 -0.033543
-0.065716 0.066417 0.634924 -0.725217 0.455508 0.516307
-0.060957 0.068968 0.636926 -0.545234 0.674468 0.497808
-0.052917 0.071162 0.638258 -0.244956 0.908052 0.339761
-0.046173 0.071691 0.638796 -0.157752 0.952044 0.262159
0.005841 0.071633 0.636279 0.215112 0.976208 0.027297
0.012104 0.070031 0.635912 0.323689 0.946066 0.013564
0.018909 0.066358 0.636138 0.664405 0.747341 -0.006953
-0.058051 0.072864 0.634043 -0.336844 0.861101 0.380842
-0.051891 0.073403 0.635486 -0.210465 0.903857 0.372488
-0.044054 0.074039 0.636291 -0.121080 0.952825 0.278322
-0.036126 0.074607 0.636253 -0.061353 0.979371 0.192533
-0.028221 0.074834 0.636566 -0.018977 0.991692 0.127228
-0.020137 0.074793 0.636588 0.019305 0.996580 0.080350
-0.012040 0.074455 0.636469 0.063028 0.996513 0.054678
-0.004060 0.073705 0.635868 0.119444 0.992062 0.039314
0.002599 0.072757 0.635975 0.173612 0.984242 0.033553
0.008551 0.072242 0.636877 0.240882 0.969818 0.037799
-0.057756 0.014846 0.643960 -0.466892 -0.878358 0.102466
-0.052016 0.012973 0.643805 -0.239362 -0.967624 0.080059
-0.044045 0.011373 0.644027 -0.164049 -0.983457 0.076812
-0.036045 0.010200 0.643968 -0.106516 -0.991930 0.068771
-0.027970 0.009548 0.644068 -0.046844 -0.997077 0.060365
-0.019897 0.009338 0.643875 0.003110 -0.997931 0.064216
-0.011913 0.009555 0.643604 0.053114 -0.994554 0.089673
-0.003983 0.010134 0.643507 0.103871 -0.986373 0.127589
0.004012 0.011189 0.643678 0.163752 -0.976993 0.136636
0.011848 0.012882 0.644168 0.288129 -0.954477 0.077168
0.017349 0.014961 0.644138 0.551894 -0.833858 0.009666
-0.064337 0.023121 0.643246 -0.904122 -0.404077 0.138873
-0.061953 0.019237 0.643839 -0.802488 -0.583992 0.122340
0.021385 0.019537 0.644092 0.846916 -0.531483 -0.016079
0.024025 0.023995 0.644233 0.956889 -0.288227 -0.035892
-0.065740 0.027862 0.643896 -0.955557 -0.272903 0.111514
0.023702 0.025100 0.643987 0.954917 -0.294545 -0.037113
0.024852 0.028661 0.644237 0.977427 -0.206228 -0.045904
-0.067273 0.035966 0.643970 -0.987977 -0.113305 0.105181
0.025816 0.035952 0.644130 0.994901 -0.080608 -0.060621
-0.067462 0.044003 0.643789 -0.992528 0.046571 0.112777
0.026032 0.043871 0.643936 0.997731 0.026532 -0.061884
-0.066554 0.051987 0.643797 -0.978817 0.170828 0.112848
0.025335 0.052052 0.644062 0.985700 0.161154 -0.049239
-0.064996 0.058416 0.643924 -0.942867 0.315279 0.107708
-0.063190 0.062258 0.643976 -0.884093 0.452148 0.118075
0.022664 0.061143 0.643780 0.896824 0.441990 -0.018725
0.024359 0.057361 0.644111 0.954047 0.297829 -0.033036
-0.059814 0.067089 0.643921 -0.708179 0.696518 0.115527
-0.052181 0.070689 0.644071 -0.257541 0.959460 0.114495
-0.044527 0.071495 0.644604 -0.161895 0.981134 0.105673
-0.039858 0.071857 0.646248 -0.142320 0.985907 0.087936
-0.002276 0.071819 0.645904 0.136022 0.987842 0.075272
0.004447 0.071211 0.644154 0.178035 0.977739 0.111044
0.012098 0.069768 0.644084 0.286213 0.955285 0.074247
0.018858 0.066469 0.644310 0.624054 0.781288 0.012075
-0.048538 0.072054 0.642403 -0.199823 0.972711 0.117915
-0.043769 0.072754 0.643702 -0.164908 0.982009 0.091999
-0.036020 0.073332 0.644164 -0.099099 0.992005 0.078141
-0.028080 0.073916 0.643914 -0.038787 0.996799 0.069908
-0.020154 0.073996 0.643714 0.010717 0.997193 0.074108
-0.011943 0.073611 0.643850 0.062204 0.994486 0.084427
-0.004269 0.072979 0.643414 0.119340 0.986616 0.111116
0.002681 0.072583 0.642773 0.154393 0.980060 0.125080
0.008950 0.072086 0.641778 0.227788 0.969808 0.087097
-0.057482 0.015125 0.651804 -0.460793 -0.886085 0.050232
-0.051995 0.013243 0.652000 -0.245216 -0.967737 0.057918
-0.043920 0.011674 0.652002 -0.164698 -0.984959 0.052259
-0.035938 0.010516 0.652039 -0.112365 -0.992452 0.049133
-0.027954 0.009807 0.652034 -0.050743 -0.997800 0.042675
-0.020112 0.009611 0.651995 0.001119 -0.999138 0.041494
-0.012060 0.009806 0.652062 0.062745 -0.997147 0.041964
-0.004068 0.010554 0.652058 0.125833 -0.991255 0.039743
0.003919 0.011757 0.652010 0.178847 -0.983093 0.039264
0.012025 0.013440 0.652084 0.264567 -0.963487 0.041183
0.017397 0.015147 0.652202 0.518459 -0.854859 0.020394
-0.064241 0.023444 0.651063 -0.908848 -0.415523 0.036544
-0.061657 0.019415 0.651999 -0.790427 -0.611153 0.041445
0.021423 0.019511 0.652066 0.825880 -0.563780 -0.008559
0.024221 0.023601 0.651770 0.943104 -0.330907 -0.032485
-0.065568 0.028005 0.652096 -0.958517 -0.283656 0.027996
-0.063894 0.024377 0.650880 -0.920273 -0.389753 0.034506
0.023826 0.024695 0.651365 0.944216 -0.327617 -0.033521
0.025104 0.028282 0.652216 0.972507 -0.228851 -0.043088
-0.067090 0.035961 0.652058 -0.993000 -0.115615 0.024190
0.026265 0.035902 0.652106 0.994445 -0.089665 -0.055125
-0.067278 0.043934 0.652031 -0.998569 0.047153 0.025232
0.026515 0.044006 0.652073 0.997860 0.034629 -0.055461
-0.066331 0.051878 0.651957 -0.983629 0.178151 0.027111
0.025724 0.051974 0.651996 0.982735 0.179323 -0.045555
-0.064845 0.058125 0.651785 -0.948452 0.315512 0.029846
-0.063034 0.062153 0.652117 -0.886829 0.460595 0.037234
0.022709 0.061386 0.651981 0.875913 0.482221 -0.015458
0.024495 0.057680 0.652204 0.935647 0.351770 -0.028681
-0.059343 0.067123 0.652055 -0.693561 0.719004 0.044794
-0.052009 0.070399 0.651961 -0.257506 0.964996 0.049736
-0.044817 0.071408 0.652549 -0.173593 0.983600 0.048962
-0.038865 0.071748 0.654099 -0.130437 0.990248 0.048931
-0.002503 0.071631 0.652701 0.142635 0.988579 0.048651
0.004461 0.070744 0.651904 0.180584 0.982225 0.051229
0.012049 0.069314 0.652133 0.250773 0.966813 0.048840
0.018914 0.066152 0.652018 0.623602 0.781579 0.015981
-0.043093 0.072547 0.651700 -0.164215 0.985229 0.048558
-0.035684 0.073155 0.652064 -0.104311 0.993438 0.046914
-0.027787 0.073572 0.651741 -0.040643 0.998237 0.043249
-0.019829 0.073598 0.651880 0.018134 0.998833 0.044769
-0.012010 0.073219 0.651745 0.075417 0.995888 0.050195
-0.004941 0.072690 0.651932 0.126353 0.990705 0.050377
0.001672 0.072299 0.651204 0.161279 0.985691 0.049022
-0.057101 0.015307 0.659695 -0.433041 -0.899814 0.053016
-0.052055 0.013820 0.660106 -0.252191 -0.965979 0.057310
-0.043956 0.012141 0.659980 -0.167886 -0.984183 0.056551
-0.035940 0.010946 0.660075 -0.115281 -0.991748 0.056087
-0.028075 0.010217 0.659984 -0.055564 -0.996970 0.054446
-0.020187 0.009992 0.659981 0.003997 -0.998512 0.054381
-0.012072 0.010192 0.659950 0.062746 -0.996444 0.056226
-0.003918 0.010972 0.660213 0.122039 -0.991155 0.052133
0.003966 0.012116 0.660042 0.176872 -0.983015 0.048970
0.012002 0.013786 0.660054 0.253487 -0.966391 0.042805
0.017244 0.015293 0.660100 0.483325 -0.875013 0.027372
-0.064206 0.023711 0.659315 -0.894467 -0.445211 0.041424
-0.061215 0.019482 0.659961 -0.772682 -0.633100 0.046335
0.021489 0.019485 0.659969 0.806087 -0.591753 -0.007244
0.024277 0.023196 0.660391 0.927173 -0.373675 -0.026774
-0.065302 0.027928 0.659959 -0.955411 -0.293272 0.034366
-0.063658 0.024578 0.660474 -0.920806 -0.388359 0.035958
0.023929 0.024464 0.658335 0.901942 -0.431557 -0.016082
0.025312 0.027957 0.660063 0.966553 -0.253462 -0.039158
-0.066858 0.035767 0.659915 -0.992022 -0.122544 0.029568
0.026698 0.035887 0.660123 0.994179 -0.095828 -0.049241
-0.067047 0.043964 0.660025 -0.998432 0.047437 0.029719
0.026951 0.043776 0.660107 0.998164 0.033927 -0.050181
-0.066082 0.052053 0.659938 -0.982053 0.185582 0.033634
0.026113 0.051940 0.660000 0.980510 0.192100 -0.041197
-0.064655 0.057868 0.659819 -0.945115 0.324466 0.038465
-0.062818 0.061847 0.660117 -0.885336 0.463009 0.042453
0.022690 0.061710 0.659943 0.852419 0.522727 -0.011728
0.024663 0.057795 0.660086 0.923691 0.382305 -0.025254
-0.059083 0.066868 0.659921 -0.685955 0.726032 0.048401
-0.052005 0.069987 0.659873 -0.267513 0.962201 0.051055
-0.044972 0.071212 0.660190 -0.176992 0.982807 0.052585
-0.037189 0.071735 0.660845 -0.114199 0.991986 0.054057
-0.031848 0.071993 0.661328 -0.075786 0.995546 0.056071
-0.009414 0.071849 0.661117 0.094497 0.993678 0.060620
-0.003758 0.071430 0.660272 0.133266 0.989305 0.059291
0.004067 0.070534 0.660177 0.176163 0.982737 0.056517
0.012242 0.068822 0.659937 0.255948 0.965315 0.051554
0.018813 0.066159 0.660049 0.562104 0.826786 0.021535
-0.042290 0.072351 0.659828 -0.157615 0.986031 0.053864
-0.035682 0.072892 0.659699 -0.104611 0.993008 0.054691
-0.028018 0.073216 0.659846 -0.043785 0.997504 0.055392
-0.020088 0.073235 0.660002 0.019676 0.998210 0.056471
-0.012353 0.072843 0.659904 0.076256 0.995328 0.059223
-0.004671 0.072615 0.659549 0.124003 0.990515 0.059184
0.000342 0.072072 0.659376 0.153696 0.986453 0.057336
-0.056751 0.015459 0.667765 -0.399713 -0.914918 0.056169
-0.051970 0.014202 0.668104 -0.249528 -0.966868 0.053870
-0.043934 0.012582 0.668002 -0.162512 -0.984730 0.062428
-0.035970 0.011437 0.668073 -0.116235 -0.991026 0.066006
-0.028065 0.010695 0.667971 -0.056790 -0.996194 0.066131
-0.020123 0.010447 0.667925 0.004971 -0.997844 0.065443
-0.012087 0.010716 0.668049 0.061438 -0.995985 0.065106
-0.004022 0.011382 0.668117 0.119228 -0.990875 0.062866
0.003938 0.012562 0.667990 0.170922 -0.983584 0.057859
0.011936 0.014163 0.668143 0.243012 -0.968705 0.050563
0.017128 0.015453 0.667867 0.444075 -0.895385 0.032908
-0.064023 0.023372 0.668829 -0.813566 -0.578240 0.061232
-0.060759 0.019595 0.668051 -0.752034 -0.656961 0.053367
-0.055941 0.016062 0.669101 -0.425418 -0.903388 0.053949
0.021224 0.019178 0.667960 0.759614 -0.650372 0.001795
0.024336 0.023418 0.668300 0.919496 -0.392257 -0.025712
-0.065145 0.028426 0.667893 -0.957731 -0.284715 0.041089
-0.063753 0.024895 0.668568 -0.921747 -0.385330 0.043621
0.025616 0.027977 0.667967 0.963744 -0.264490 -0.035251
-0.066604 0.036007 0.667979 -0.992071 -0.119580 0.038682
0.027059 0.035916 0.668067 0.993815 -0.102170 -0.043516
-0.066798 0.043935 0.668007 -0.997982 0.049927 0.039236
0.027338 0.043891 0.668137 0.998215 0.038316 -0.045810
-0.065813 0.051872 0.667963 -0.982337 0.182386 0.041830
-0.063911 0.055588 0.669149 -0.740733 0.668538 0.066119
0.026425 0.051980 0.668104 0.979153 0.199445 -0.038481
-0.064550 0.057267 0.667586 -0.949653 0.310099 0.044700
-0.062696 0.061219 0.668190 -0.886894 0.459234 0.050228
0.022637 0.061959 0.668117 0.825756 0.563969 -0.008073
0.024792 0.058024 0.668009 0.916750 0.398751 -0.023829
-0.058947 0.066517 0.667699 -0.693471 0.718539 0.052915
-0.052153 0.069509 0.668107 -0.276562 0.959485 0.053871
-0.044419 0.071002 0.668127 -0.171369 0.983587 0.056478
-0.036325 0.071491 0.668128 -0.104267 0.992842 0.058254
-0.028366 0.071764 0.670165 -0.044642 0.997084 0.061887
-0.019538 0.071834 0.670427 0.024700 0.997518 0.065940
-0.011410 0.071653 0.668844 0.084430 0.994103 0.068052
-0.003772 0.071089 0.667947 0.130054 0.989266 0.066618
0.003894 0.070071 0.668059 0.172377 0.982925 0.064372
0.011998 0.068471 0.668079 0.232176 0.970938 0.058088
0.018853 0.065822 0.667952 0.538275 0.842318 0.027564
-0.041014 0.072141 0.667080 -0.145486 0.987668 0.057852
-0.035703 0.072629 0.667684 -0.102748 0.992900 0.059942
-0.027814 0.072855 0.667651 -0.039784 0.997208 0.063189
-0.019849 0.072849 0.667705 0.024797 0.997485 0.066394
-0.012567 0.072728 0.667360 0.075287 0.994852 0.067828
-0.005558 0.072340 0.667840 0.117670 0.990751 0.067567
-0.056570 0.015582 0.675440 -0.371197 -0.926419 0.062940
-0.051801 0.014656 0.675945 -0.244015 -0.967659 0.063970
-0.043996 0.013152 0.675989 -0.159690 -0.985189 0.062461
-0.036011 0.012008 0.676104 -0.115333 -0.991092 0.066597
-0.028034 0.011267 0.675926 -0.057913 -0.996066 0.067071
-0.020115 0.010985 0.675795 0.003812 -0.997816 0.065941
-0.012125 0.011248 0.676133 0.060851 -0.996101 0.063877
-0.004000 0.011928 0.675981 0.116597 -0.991196 0.062731
0.003909 0.013047 0.675988 0.166400 -0.984333 0.058310
0.011974 0.014604 0.676045 0.234041 -0.970893 0.050907
0.016880 0.015630 0.675402 0.398375 -0.916358 0.039811
-0.060197 0.019623 0.675976 -0.731305 -0.679323 0.060930
-0.055603 0.016229 0.677139 -0.420681 -0.905255 0.059500
0.015841 0.016199 0.676378 0.331473 -0.942580 0.040847
0.020957 0.018951 0.676132 0.712010 -0.702098 0.010001
0.024388 0.023256 0.676015 0.907640 -0.419288 -0.019687
-0.064942 0.028907 0.675889 -0.958167 -0.281486 0.051777
-0.063552 0.025148 0.676315 -0.918655 -0.391484 0.053040
0.025833 0.027863 0.676034 0.958353 -0.283937 -0.030656
-0.066226 0.035878 0.676006 -0.990895 -0.125231 0.049435
0.027399 0.035977 0.676123 0.993812 -0.104176 -0.038542
-0.066414 0.044072 0.675955 -0.997088 0.058399 0.049050
0.027660 0.044006 0.675912 0.998321 0.041133 -0.040792
-0.065374 0.052167 0.675983 -0.978561 0.199802 0.049979
0.026781 0.051787 0.676133 0.978171 0.204931 -0.034418
-0.064289 0.057031 0.675334 -0.948999 0.311098 0.051172
-0.062512 0.060663 0.676164 -0.893812 0.445041 0.055125
0.022658 0.062009 0.675896 0.798918 0.601430 -0.003334
0.024976 0.057992 0.675851 0.909098 0.416161 -0.018738
-0.058705 0.066165 0.675776 -0.701116 0.710695 0.057864
-0.052097 0.069053 0.676057 -0.275776 0.959724 0.053631
-0.043912 0.070679 0.676194 -0.164571 0.984904 0.053666
-0.036681 0.071219 0.676343 -0.105060 0.992920 0.055436
-0.028364 0.071631 0.676283 -0.038119 0.997484 0.059766
-0.019844 0.071647 0.676605 0.028065 0.997532 0.064362
-0.011894 0.071251 0.676308 0.082141 0.994367 0.066979
-0.003984 0.070755 0.676024 0.126873 0.989688 0.066495
0.003927 0.069582 0.675854 0.168992 0.983587 0.063239
0.012008 0.067954 0.675977 0.224356 0.972878 0.056323
0.018631 0.065721 0.676250 0.481073 0.876082 0.032380
-0.035096 0.072330 0.675570 -0.095232 0.993780 0.057719
-0.027899 0.072705 0.675892 -0.036559 0.997463 0.061076
-0.020250 0.072748 0.675599 0.023335 0.997575 0.065569
-0.012079 0.072435 0.675520 0.078677 0.994625 0.067318
-0.006702 0.072102 0.673158 0.109324 0.991605 0.069043
-0.056876 0.015916 0.682070 -0.357746 -0.931919 0.059538
-0.051525 0.015014 0.683922 -0.236549 -0.970034 0.055481
-0.043928 0.013600 0.684096 -0.158149 -0.985985 0.053126
-0.035978 0.012477 0.684050 -0.111567 -0.992186 0.055852
-0.028039 0.011776 0.684101 -0.058068 -0.996581 0.058766
-0.020060 0.011518 0.683958 0.003573 -0.998208 0.059729
-0.012005 0.011747 0.684058 0.059397 -0.996526 0.058371
-0.003977 0.012386 0.683968 0.113955 -0.991950 0.055214
0.003945 0.013499 0.684006 0.162700 -0.985355 0.051036
0.011719 0.014925 0.683931 0.224050 -0.973364 0.048630
0.016613 0.015735 0.683366 0.365855 -0.929829 0.039597
-0.059821 0.019899 0.684015 -0.730331 -0.680044 0.064474
-0.055081 0.016355 0.684458 -0.390033 -0.919093 0.056055
0.015005 0.016214 0.684321 0.273034 -0.960975 0.044487
0.020612 0.018835 0.684135 0.657090 -0.753669 0.014710
0.024421 0.023195 0.683688 0.896899 -0.441876 -0.017817
-0.064688 0.029595 0.683725 -0.962258 -0.264908 0.062322
-0.063329 0.025776 0.684323 -0.924291 -0.376532 0.062521
0.026146 0.028040 0.683996 0.957713 -0.286374 -0.027855
-0.065816 0.035990 0.684061 -0.990019 -0.127699 0.059629
0.027671 0.035851 0.684081 0.993419 -0.109734 -0.032833
-0.066025 0.043859 0.684031 -0.997020 0.052192 0.056814
0.027967 0.043888 0.683907 0.998781 0.035764 -0.034012
-0.065039 0.051771 0.683885 -0.979187 0.194948 0.056459
-0.063774 0.055392 0.684338 -0.947989 0.313621 0.054398
0.026964 0.052117 0.683982 0.973074 0.228614 -0.029381
-0.064138 0.056483 0.681761 -0.952128 0.300680 0.055176
-0.062162 0.060293 0.684046 -0.892632 0.446789 0.059893
0.022708 0.061960 0.683924 0.767361 0.641204 0.003937
0.025098 0.058132 0.683922 0.895172 0.445497 -0.014133
-0.058220 0.066002 0.683766 -0.685817 0.725108 0.062241
-0.052135 0.068685 0.684068 -0.295942 0.953709 0.053456
-0.044150 0.070199 0.684069 -0.166915 0.984590 0.052164
-0.036426 0.071176 0.684281 -0.100247 0.993494 0.054038
-0.027930 0.071196 0.683878 -0.030510 0.997798 0.058892
-0.019943 0.071183 0.683729 0.030635 0.997464 0.064247
-0.011643 0.071037 0.684240 0.084253 0.994132 0.067843
-0.004076 0.070289 0.684127 0.124802 0.989893 0.067351
0.003998 0.069023 0.684041 0.164555 0.984236 0.064817
0.012013 0.067514 0.684075 0.220840 0.973577 0.058120
0.018589 0.065458 0.684056 0.452952 0.890774 0.036832
-0.033429 0.072132 0.682168 -0.078831 0.995316 0.055960
-0.027925 0.072304 0.683973 -0.031237 0.997754 0.059256
-0.020287 0.072322 0.683875 0.027355 0.997546 0.064451
-0.014227 0.072163 0.682142 0.067053 0.995462 0.067518
-0.056194 0.015944 0.688034 -0.336384 -0.939469 0.065140
-0.050929 0.015251 0.691839 -0.221825 -0.973583 0.054119
-0.044013 0.014040 0.691967 -0.158080 -0.985912 0.054670
-0.036017 0.012941 0.692031 -0.110827 -0.992105 0.058696
-0.028052 0.012223 0.692129 -0.056869 -0.996763 0.056838
-0.020086 0.011989 0.692121 0.002769 -0.998337 0.057578
-0.012109 0.012183 0.692071 0.057703 -0.996700 0.057089
-0.004025 0.012839 0.691954 0.110486 -0.992405 0.054092
0.003938 0.013902 0.692033 0.160713 -0.985657 0.051501
0.011339 0.015187 0.691887 0.217760 -0.974756 0.049300
0.016607 0.015957 0.689353 0.374130 -0.926755 0.033957
-0.059301 0.020053 0.692000 -0.724783 -0.685611 0.068024
-0.054336 0.016523 0.692258 -0.361046 -0.930774 0.057492
0.014585 0.016329 0.692558 0.252616 -0.966401 0.047473
0.020292 0.018746 0.692119 0.605265 -0.795723 0.021876
0.024510 0.023050 0.692079 0.885790 -0.463935 -0.011837
-0.064416 0.030327 0.691425 -0.965191 -0.252993 0.066346
-0.063061 0.026643 0.692217 -0.931061 -0.358592 0.067353
0.026285 0.027919 0.691891 0.953187 -0.301509 -0.022961
-0.065297 0.036006 0.692012 -0.989294 -0.130239 0.065846
0.027912 0.035998 0.691921 0.993761 -0.107782 -0.028682
-0.065520 0.044029 0.692094 -0.996552 0.051268 0.065240
0.028224 0.043928 0.692052 0.998883 0.036563 -0.029920
-0.064717 0.051211 0.691794 -0.981940 0.177564 0.065308
-0.063661 0.054841 0.692835 -0.955863 0.286386 0.065634
0.027243 0.051998 0.692121 0.970986 0.237885 -0.024433
-0.061709 0.060072 0.691984 -0.890790 0.449149 0.068987
0.022460 0.062150 0.692284 0.728200 0.685291 0.010008
0.025197 0.058159 0.691986 0.888145 0.459469 -0.009298
-0.057850 0.065677 0.691824 -0.693933 0.716917 0.066993
-0.052074 0.068198 0.692043 -0.302155 0.951656 0.055262
-0.044013 0.069864 0.691937 -0.165759 0.984759 0.052676
-0.035950 0.070805 0.692067 -0.093241 0.994210 0.053403
-0.028343 0.071228 0.691960 -0.029644 0.997932 0.057031
-0.019996 0.071093 0.692097 0.034681 0.997565 0.060504
-0.012084 0.070617 0.691888 0.083409 0.994520 0.063024
-0.004002 0.069683 0.692191 0.126017 0.989916 0.064700
0.003919 0.068487 0.692008 0.161774 0.984710 0.064621
0.012111 0.067018 0.692038 0.205879 0.976697 0.060639
0.018313 0.065245 0.691811 0.408017 0.911964 0.042951
-0.026529 0.072061 0.688809 -0.015566 0.998143 0.058899
-0.021823 0.072049 0.688921 0.019970 0.997897 0.061669
-0.050201 0.015442 0.699793 -0.213934 -0.975475 0.051779
-0.043997 0.014483 0.699994 -0.157187 -0.986297 0.050106
-0.035997 0.013359 0.700013 -0.107330 -0.993034 0.048623
-0.027974 0.012694 0.700021 -0.058485 -0.996868 0.053235
-0.020083 0.012393 0.700098 0.002993 -0.998567 0.053440
-0.011996 0.012624 0.700014 0.056622 -0.996945 0.053801
-0.003912 0.013267 0.699993 0.109101 -0.992638 0.052595
0.003884 0.014321 0.700035 0.158326 -0.986105 0.050297
0.010523 0.015399 0.699856 0.208845 -0.976728 0.048846
-0.059033 0.020544 0.699900 -0.737558 -0.671126 0.074823
-0.053712 0.016772 0.700363 -0.355359 -0.932835 0.059486
0.013990 0.016468 0.700562 0.239171 -0.969827 0.047252
0.020273 0.018959 0.700115 0.583711 -0.811568 0.025294
0.024532 0.023110 0.699967 0.868065 -0.496432 -0.004267
-0.064192 0.031130 0.698393 -0.970428 -0.229809 0.073871
-0.062815 0.027612 0.700249 -0.937652 -0.339047 0.076526
0.026422 0.027809 0.699997 0.948561 -0.316091 -0.017830
-0.064779 0.036094 0.699950 -0.988415 -0.131817 0.075229
-0.063859 0.033155 0.701616 -0.979245 -0.188116 0.075447
0.028118 0.035916 0.700000 0.993370 -0.111893 -0.026398
-0.064980 0.043891 0.699956 -0.995930 0.049501 0.075315
-0.063872 0.046143 0.703543 -0.944927 0.316283 0.084129
0.028452 0.043972 0.699981 0.998965 0.037211 -0.026150
-0.064425 0.050084 0.699612 -0.984514 0.158007 0.075933
-0.063414 0.053607 0.700605 -0.964333 0.252709 0.078735
0.027379 0.052093 0.700147 0.967996 0.250231 -0.019173
-0.061113 0.060006 0.700101 -0.886495 0.456019 0.078570
0.022144 0.062291 0.700401 0.677506 0.735292 0.018190
0.025175 0.058344 0.699974 0.870193 0.492706 -0.001988
-0.057493 0.065195 0.699902 -0.699834 0.710531 0.073332
-0.052197 0.067746 0.700134 -0.338994 0.938959 0.058638
-0.044063 0.069433 0.699727 -0.165401 0.984805 0.052936
-0.036053 0.070338 0.700131 -0.091836 0.994353 0.053180
-0.027890 0.070771 0.699987 -0.023274 0.998189 0.055474
-0.019893 0.070631 0.699995 0.037352 0.997671 0.057070
-0.012024 0.070091 0.700213 0.085646 0.994647 0.057818
-0.004105 0.069268 0.699755 0.127156 0.990116 0.059179
0.003947 0.067991 0.700079 0.160690 0.985238 0.059028
0.011983 0.066568 0.700012 0.197540 0.978683 0.056193
0.018150 0.065038 0.699751 0.343627 0.938064 0.044233
-0.049666 0.015567 0.707581 -0.203119 -0.977576 0.055567
-0.044048 0.014895 0.707962 -0.158215 -0.985902 0.054450
-0.035952 0.013780 0.707998 -0.108778 -0.992494 0.055890
-0.027992 0.013080 0.708024 -0.055248 -0.996905 0.055922
-0.019978 0.012856 0.707983 0.003435 -0.998495 0.054737
-0.012000 0.013071 0.708036 0.056224 -0.996885 0.055305
-0.004073 0.013692 0.708142 0.108914 -0.992505 0.055416
0.003932 0.014743 0.708004 0.158067 -0.985826 0.056236
0.010024 0.015564 0.707621 0.199384 -0.978508 0.052606
-0.058549 0.020875 0.707997 -0.741070 -0.666445 0.081652
-0.052849 0.017000 0.708329 -0.347340 -0.935696 0.061868
-0.047682 0.016234 0.709427 -0.191026 -0.980179 0.052516
0.007147 0.016053 0.710248 0.173859 -0.983411 0.051718
0.013039 0.016598 0.708322 0.224609 -0.973221 0.048900
0.020159 0.019147 0.708186 0.554516 -0.831651 0.029474
0.024538 0.023086 0.707835 0.854970 -0.518672 0.002520
-0.064075 0.031743 0.704030 -0.972852 -0.218519 0.076208
-0.062220 0.027854 0.708120 -0.937298 -0.338114 0.084562
0.026582 0.027909 0.707997 0.943506 -0.331086 -0.013333
-0.064370 0.037033 0.707338 -0.989858 -0.112891 0.086242
-0.063634 0.034338 0.709037 -0.983038 -0.160553 0.088656
0.028322 0.035938 0.708088 0.993250 -0.113785 -0.022508
-0.064460 0.043542 0.707594 -0.995225 0.042820 0.087715
-0.063798 0.045178 0.709804 -0.990682 0.098721 0.093831
0.028648 0.044055 0.708094 0.998815 0.044006 -0.020787
-0.064184 0.048999 0.706325 -0.987282 0.131245 0.089721
-0.063122 0.052176 0.708287 -0.971164 0.219239 0.093669
0.027534 0.052116 0.708046 0.964641 0.263247 -0.012968
-0.060364 0.059891 0.708217 -0.882742 0.461213 0.089715
-0.055799 0.063908 0.710104 -0.609497 0.790202 0.063980
0.021806 0.062292 0.708215 0.643629 0.764974 0.023581
0.025276 0.058199 0.707843 0.859358 0.511366 0.002883
-0.057033 0.064987 0.707719 -0.707343 0.702406 0.079317
-0.052223 0.067257 0.707991 -0.365650 0.928633 0.062778
-0.043863 0.068980 0.708057 -0.162107 0.985281 0.054244
-0.035877 0.069983 0.708048 -0.089532 0.994466 0.054958
-0.027987 0.070339 0.708213 -0.022482 0.998151 0.056471
-0.020060 0.070200 0.708143 0.036792 0.997724 0.056516
-0.012149 0.069709 0.707988 0.085494 0.994729 0.056617
-0.004162 0.068777 0.708005 0.127452 0.990260 0.056039
0.003976 0.067516 0.708159 0.158479 0.985902 0.053687
0.011901 0.066163 0.707938 0.193057 0.979864 0.050942
0.017556 0.064945 0.707960 0.299365 0.953066 0.045224
-0.049277 0.015714 0.715649 -0.204165 -0.977331 0.056038
-0.043621 0.015233 0.715903 -0.153789 -0.986570 0.055039
-0.035999 0.014243 0.716091 -0.106834 -0.992622 0.057343
-0.028014 0.013578 0.716068 -0.053636 -0.996833 0.058717
-0.020069 0.013322 0.716027 0.001226 -0.998051 0.062391
-0.012030 0.013544 0.716069 0.058022 -0.996376 0.062189
-0.004025 0.014150 0.716049 0.106083 -0.992453 0.061518
0.003644 0.015131 0.716050 0.153163 -0.986707 0.054309
0.009462 0.015745 0.715275 0.188422 -0.980729 0.051650
-0.058111 0.021369 0.716013 -0.754558 -0.649571 0.093271
-0.052419 0.017361 0.716054 -0.362132 -0.929798 0.065844
-0.046856 0.016205 0.717214 -0.187422 -0.980761 0.054589
0.006814 0.016179 0.717510 0.169345 -0.984131 0.052998
0.012417 0.016825 0.716240 0.213740 -0.975635 0.049521
0.020162 0.019423 0.716110 0.537703 -0.842508 0.032483
0.024630 0.023373 0.716029 0.837629 -0.546196 0.006885
-0.061486 0.027958 0.716125 -0.934695 -0.342137 0.096370
0.026636 0.027849 0.716063 0.938348 -0.345628 -0.006723
-0.064119 0.038699 0.713264 -0.992490 -0.076389 0.095545
-0.063266 0.035775 0.716234 -0.985675 -0.136909 0.098489
0.028476 0.035993 0.716043 0.993217 -0.114884 -0.017923
-0.064146 0.042407 0.713492 -0.995187 0.018927 0.096149
-0.063466 0.044172 0.716401 -0.992921 0.062245 0.101156
0.028798 0.043874 0.716036 0.998915 0.043816 -0.015780
-0.062418 0.051841 0.716132 -0.971546 0.213178 0.103217
0.027638 0.051969 0.715918 0.963805 0.266539 -0.006051
-0.059555 0.059939 0.715901 -0.880396 0.463990 0.098060
-0.055478 0.063471 0.717091 -0.645786 0.760128 0.071879
0.021416 0.062284 0.716047 0.591348 0.805792 0.031719
0.025289 0.058124 0.716013 0.848758 0.528695 0.009547
-0.056509 0.064677 0.715083 -0.720511 0.687736 0.088785
-0.052229 0.066710 0.716193 -0.412945 0.908024 0.070490
-0.043977 0.068548 0.716042 -0.163691 0.984921 0.056004
-0.036050 0.069468 0.716102 -0.088877 0.994365 0.057781
-0.027959 0.069970 0.715800 -0.021309 0.998054 0.058607
-0.019953 0.069815 0.715996 0.037796 0.997563 0.058643
-0.011905 0.069160 0.715994 0.086685 0.994508 0.058656
-0.004050 0.068294 0.716237 0.126494 0.990298 0.057525
0.003992 0.067132 0.716011 0.155389 0.986348 0.054512
0.012106 0.065684 0.716026 0.192087 0.979963 0.052683
0.017728 0.064651 0.715981 0.265723 0.962753 0.049976
-0.048406 0.015870 0.722473 -0.194437 -0.979269 0.056807
-0.043015 0.015461 0.723859 -0.147347 -0.987642 0.053402
-0.036098 0.014707 0.724078 -0.105592 -0.992859 0.055507
-0.027953 0.014022 0.724010 -0.051578 -0.996890 0.059589
-0.020009 0.013816 0.724024 0.005146 -0.998029 0.062551
-0.012033 0.014031 0.724047 0.059163 -0.996165 0.064461
-0.004036 0.014695 0.724023 0.103753 -0.992527 0.064238
0.003248 0.015424 0.723798 0.142950 -0.987908 0.060031
0.008530 0.015831 0.722284 0.178474 -0.982652 0.050418
-0.057593 0.021895 0.723913 -0.767671 -0.632526 0.102920
-0.052234 0.017899 0.724051 -0.403178 -0.912193 0.073155
-0.045937 0.016374 0.724605 -0.176797 -0.982799 0.053379
0.005927 0.016321 0.724581 0.156307 -0.986064 0.056979
0.012071 0.017089 0.724078 0.207379 -0.976991 0.049826
0.020202 0.019788 0.724106 0.525861 -0.849856 0.034856
0.024425 0.023200 0.723707 0.826242 -0.563081 0.016209
-0.060577 0.027817 0.724093 -0.927402 -0.358465 0.106903
0.026639 0.027832 0.724131 0.930931 -0.365192 0.001742
-0.062471 0.035909 0.724104 -0.984787 -0.136015 0.108139
0.028584 0.035807 0.724000 0.992410 -0.122344 -0.012421
-0.062716 0.044016 0.724032 -0.992214 0.060389 0.108925
0.028898 0.043962 0.724020 0.998586 0.051941 -0.011300
-0.061515 0.052046 0.724043 -0.968686 0.223331 0.108491
0.027668 0.052055 0.723970 0.958625 0.284668 0.001131
-0.058723 0.059774 0.723973 -0.876923 0.469159 0.104379
-0.055424 0.063262 0.724631 -0.665381 0.741003 0.090453
0.021053 0.062080 0.723960 0.560581 0.827348 0.035284
0.025333 0.057913 0.723889 0.839034 0.543882 0.014643
-0.056352 0.064192 0.721970 -0.755701 0.647236 0.100005
-0.052247 0.066139 0.724111 -0.458754 0.884953 0.080023
-0.044100 0.068049 0.723939 -0.163388 0.984813 0.058720
-0.035993 0.069040 0.723915 -0.086799 0.994494 0.058713
-0.028015 0.069359 0.723905 -0.022646 0.997971 0.059502
-0.019991 0.069246 0.723904 0.037275 0.997539 0.059378
-0.012022 0.068756 0.723981 0.086789 0.994407 0.060182
-0.004018 0.067832 0.724127 0.125604 0.990213 0.060849
0.003754 0.066682 0.723936 0.151607 0.986651 0.059455
0.011924 0.065282 0.724154 0.186766 0.980837 0.055466
0.017188 0.064645 0.723574 0.238203 0.969845 0.051578
-0.049349 0.015976 0.728767 -0.127526 -0.990510 0.051254
-0.042470 0.015615 0.731475 -0.138304 -0.989003 0.052393
-0.035900 0.015132 0.731982 -0.100622 -0.993392 0.055213
-0.028039 0.014503 0.731977 -0.050090 -0.997059 0.057998
-0.019981 0.014309 0.732073 0.008577 -0.998044 0.061924
-0.012038 0.014579 0.731973 0.063472 -0.995840 0.065380
-0.004162 0.015168 0.731960 0.100736 -0.992619 0.067528
0.002543 0.015663 0.731249 0.135428 -0.988652 0.065015
-0.057093 0.022569 0.731683 -0.782167 -0.612740 0.112975
-0.052270 0.018635 0.732062 -0.467550 -0.880143 0.082128
-0.044835 0.016520 0.732223 -0.169501 -0.984112 0.052856
-0.039087 0.016136 0.733726 -0.122662 -0.991083 0.052050
-0.001217 0.016144 0.733934 0.112592 -0.991531 0.064718
0.004794 0.016498 0.732497 0.144188 -0.987561 0.062716
0.011868 0.017460 0.731996 0.193247 -0.979697 0.053370
0.020251 0.020138 0.732107 0.526987 -0.849020 0.038063
0.024526 0.023549 0.731502 0.819295 -0.572993 0.020842
-0.059635 0.027926 0.732096 -0.923685 -0.364542 0.117964
0.026584 0.027837 0.732088 0.923140 -0.384389 0.007581
-0.061574 0.036032 0.732124 -0.984312 -0.129041 0.120326
0.028653 0.035908 0.732116 0.991716 -0.128348 -0.005111
-0.061770 0.044060 0.732009 -0.990005 0.068377 0.123352
0.028967 0.043899 0.732172 0.998278 0.058590 -0.002736
-0.060590 0.051973 0.732073 -0.967950 0.219375 0.122262
0.027631 0.051996 0.731843 0.955964 0.293294 0.010534
-0.058040 0.059306 0.731920 -0.883836 0.452750 0.117688
-0.055054 0.063119 0.732991 -0.724493 0.680737 0.108199
0.015103 0.063804 0.733445 0.223067 0.973350 0.053197
0.020812 0.061874 0.731954 0.529833 0.847142 0.040353
0.025247 0.057786 0.731920 0.831067 0.555730 0.022179
-0.051709 0.065798 0.731902 -0.477256 0.874599 0.085457
-0.043999 0.067613 0.732006 -0.167530 0.984061 0.059639
-0.036013 0.068568 0.731759 -0.086212 0.994638 0.057117
-0.027892 0.068945 0.732161 -0.021803 0.998134 0.057039
-0.020085 0.068835 0.731957 0.038707 0.997545 0.058363
-0.012086 0.068269 0.731827 0.088793 0.994136 0.061715
-0.004091 0.067320 0.732128 0.125802 0.990008 0.063695
0.003944 0.066149 0.731865 0.149295 0.986834 0.062200
0.011591 0.064973 0.732025 0.174345 0.983044 0.056812
0.017526 0.064427 0.731668 0.221015 0.973914 0.051412
-0.041936 0.015742 0.739533 -0.132043 -0.989855 0.052459
-0.035490 0.015421 0.739689 -0.094766 -0.994075 0.053234
-0.027975 0.014962 0.739997 -0.042649 -0.997363 0.058719
-0.020019 0.014830 0.740089 0.011539 -0.997865 0.064281
-0.012026 0.015095 0.740132 0.064389 -0.995683 0.066849
-0.004560 0.015531 0.739605 0.098808 -0.992905 0.066154
0.001328 0.015815 0.738469 0.124658 -0.990112 0.064326
-0.056583 0.023274 0.739181 -0.796082 -0.592764 0.121997
-0.052381 0.019590 0.740032 -0.543703 -0.833850 0.095301
-0.044417 0.016796 0.739967 -0.172558 -0.983453 0.055181
-0.038315 0.016200 0.741167 -0.114348 -0.992076 0.052046
-0.008757 0.016091 0.742194 0.079257 -0.994729 0.065058
-0.002810 0.016284 0.740995 0.103897 -0.992480 0.064724
0.004176 0.016747 0.740197 0.134572 -0.989079 0.060113
0.011923 0.017898 0.739973 0.187755 -0.980753 0.053597
0.020160 0.020481 0.740069 0.507645 -0.860582 0.041177
0.024374 0.023513 0.740117 0.824939 -0.564760 0.022865
-0.058572 0.027947 0.740111 -0.918622 -0.371806 0.133771
0.026506 0.027861 0.740032 0.916198 -0.400457 0.014648
-0.060515 0.035952 0.740060 -0.981541 -0.132489 0.137928
0.028681 0.035963 0.740084 0.990963 -0.134099 0.003025
-0.060750 0.043865 0.739963 -0.988377 0.061749 0.138917
0.028980 0.044041 0.740008 0.996952 0.077906 0.004089
-0.059522 0.052052 0.740008 -0.965262 0.222709 0.136639
0.027511 0.051974 0.739889 0.950687 0.309581 0.018800
-0.057379 0.058636 0.739594 -0.893401 0.429659 0.131258
-0.054695 0.062441 0.740503 -0.763154 0.634403 0.122999
0.014120 0.063630 0.740908 0.194295 0.979325 0.056323
0.020657 0.061609 0.740127 0.512508 0.857530 0.044472
0.025183 0.057560 0.739674 0.817536 0.575041 0.031025
-0.050858 0.065551 0.739920 -0.483920 0.870102 0.093513
-0.044055 0.067151 0.739859 -0.175288 0.982688 0.059982
-0.035951 0.068086 0.739974 -0.087736 0.994573 0.055910
-0.028091 0.068437 0.740128 -0.021983 0.998111 0.057368
-0.020112 0.068307 0.740021 0.041417 0.997316 0.060384
-0.012002 0.067702 0.739950 0.092933 0.993647 0.063477
-0.003991 0.066810 0.740043 0.126818 0.989709 0.066276
0.003914 0.065645 0.739936 0.145417 0.987231 0.065022
0.011112 0.064693 0.739938 0.161889 0.985001 0.059711
0.017429 0.064221 0.739582 0.209298 0.976516 0.051100
-0.041664 0.015845 0.745579 -0.118188 -0.991402 0.056150
-0.035038 0.015620 0.747448 -0.087802 -0.994388 0.059025
-0.027927 0.015383 0.747884 -0.038380 -0.997217 0.063913
-0.020050 0.015322 0.748048 0.018037 -0.997397 0.069814
-0.012364 0.015495 0.747720 0.065367 -0.995000 0.075514
-0.005313 0.015735 0.747122 0.095183 -0.992650 0.074740
-0.056283 0.023426 0.745987 -0.748381 -0.649693 0.133507
-0.052221 0.020456 0.747924 -0.605859 -0.787910 0.110148
-0.044186 0.017137 0.748035 -0.180527 -0.981676 0.061003
-0.036754 0.016359 0.748526 -0.101154 -0.993092 0.059465
-0.029379 0.016117 0.750083 -0.050653 -0.996337 0.068900
-0.018520 0.016098 0.750583 0.028033 -0.996748 0.075543
-0.010750 0.016214 0.749251 0.072130 -0.994208 0.079674
-0.003545 0.016526 0.748539 0.099499 -0.991876 0.079253
0.003949 0.017193 0.748008 0.125900 -0.989436 0.071876
0.011906 0.018358 0.748082 0.178435 -0.982143 0.059626
0.020139 0.020817 0.748057 0.500839 -0.864472 0.043003
0.024364 0.023776 0.746890 0.818834 -0.573240 0.030110
-0.057547 0.028352 0.747972 -0.920446 -0.361584 0.148447
-0.055580 0.024801 0.749916 -0.853975 -0.500515 0.142165
0.026298 0.027783 0.747886 0.908473 -0.417360 0.022062
-0.059331 0.035960 0.748065 -0.979050 -0.131464 0.155494
0.028582 0.035879 0.747991 0.989875 -0.141164 0.014863
-0.059557 0.044012 0.748003 -0.985932 0.064851 0.154053
0.028907 0.043963 0.748020 0.996945 0.076806 0.014176
-0.058354 0.051959 0.747994 -0.963176 0.222324 0.151206
-0.055769 0.055524 0.751784 -0.874715 0.456949 0.161464
0.027325 0.052088 0.748037 0.945214 0.325730 0.021693
-0.056758 0.057513 0.747485 -0.910359 0.387589 0.144986
-0.054155 0.061381 0.748139 -0.792094 0.595278 0.135021
0.007275 0.063964 0.750381 0.143797 0.987556 0.063680
0.012546 0.063457 0.748302 0.167368 0.984053 0.060226
0.020405 0.061366 0.748114 0.490027 0.870315 0.049249
0.024930 0.057484 0.747793 0.816380 0.576577 0.032911
-0.050131 0.065254 0.747603 -0.504134 0.857585 0.101969
-0.044026 0.066680 0.748051 -0.192122 0.979313 0.063526
-0.036102 0.067649 0.747996 -0.088880 0.994367 0.057753
-0.028036 0.068003 0.748177 -0.018690 0.997996 0.060447
-0.019984 0.067850 0.748170 0.046104 0.996967 0.062697
-0.012018 0.067211 0.748024 0.096241 0.993211 0.065344
-0.004174 0.066252 0.747934 0.128729 0.989331 0.068210
0.003868 0.065102 0.747995 0.142374 0.987435 0.068566
0.011164 0.064564 0.747577 0.152236 0.986234 0.064543
0.016483 0.064092 0.745589 0.191341 0.979871 0.056936
-0.034364 0.015780 0.754936 -0.075514 -0.995015 0.065140
-0.027687 0.015624 0.755422 -0.029015 -0.997028 0.071370
-0.020205 0.015626 0.755423 0.024003 -0.996820 0.075981
-0.013077 0.015732 0.754856 0.069376 -0.994268 0.081349
-0.007475 0.015887 0.752795 0.087634 -0.992134 0.089385
-0.051391 0.020912 0.755884 -0.629786 -0.766830 0.123861
-0.043999 0.017615 0.755975 -0.195000 -0.978579 0.066018
-0.036340 0.016654 0.756268 -0.094651 -0.993397 0.064843
-0.028453 0.016311 0.756486 -0.037994 -0.996964 0.067962
-0.019773 0.016287 0.756670 0.023442 -0.997119 0.072144
-0.011687 0.016511 0.756460 0.073994 -0.994225 0.077724
-0.004008 0.016994 0.755972 0.097188 -0.991901 0.081773
0.003987 0.017842 0.756021 0.118783 -0.989728 0.079553
0.011953 0.018915 0.756027 0.165276 -0.983799 0.069446
0.020110 0.021232 0.755948 0.492668 -0.868685 0.051620
0.024141 0.023524 0.756862 0.863132 -0.504211 0.027828
-0.056802 0.029612 0.755492 -0.935542 -0.311535 0.166453
-0.055066 0.025986 0.756639 -0.876545 -0.454474 0.158501
0.023867 0.024481 0.756845 0.767496 -0.639959 0.037442
0.026171 0.028004 0.755911 0.906926 -0.420067 0.032072
-0.058013 0.035993 0.756016 -0.975666 -0.135074 0.172715
0.028412 0.036019 0.756123 0.989246 -0.143438 0.028601
-0.058246 0.043967 0.755967 -0.983337 0.061495 0.171078
0.028734 0.043968 0.755970 0.995965 0.084391 0.030512
-0.057163 0.051680 0.755841 -0.962126 0.215426 0.167047
-0.055678 0.054672 0.758348 -0.933038 0.317632 0.168968
0.027135 0.051969 0.756099 0.941383 0.335895 0.031207
-0.056263 0.056716 0.753464 -0.925989 0.342457 0.158961
-0.053532 0.060199 0.756129 -0.826738 0.541597 0.152240
0.006134 0.063777 0.756932 0.140235 0.988185 0.061851
0.012263 0.063164 0.756072 0.158586 0.985509 0.060182
0.020488 0.060840 0.756092 0.501090 0.863809 0.052377
0.024871 0.057167 0.755882 0.804402 0.592938 0.036911
-0.049531 0.064740 0.755655 -0.556125 0.822750 0.117507
-0.043958 0.066223 0.756156 -0.216091 0.974018 0.067772
-0.035935 0.067157 0.755958 -0.088520 0.994380 0.058069
-0.027894 0.067462 0.756331 -0.015334 0.998086 0.059909
-0.020025 0.067303 0.756134 0.047876 0.996910 0.062278
-0.012105 0.066678 0.756010 0.098205 0.993121 0.063762
-0.004012 0.065732 0.755993 0.129739 0.989510 0.063539
0.003215 0.064777 0.755909 0.140134 0.988182 0.062125
0.010858 0.064390 0.755351 0.144242 0.987685 0.060597
-0.032459 0.015932 0.760611 -0.062741 -0.995625 0.069237
-0.027612 0.015844 0.762178 -0.024677 -0.997267 0.069643
-0.020494 0.015847 0.762089 0.028156 -0.996866 0.073928
-0.013686 0.015978 0.760653 0.068932 -0.994578 0.077865
-0.050648 0.021531 0.763797 -0.674924 -0.724103 0.141961
-0.044036 0.018153 0.763946 -0.230290 -0.970579 0.070303
-0.035993 0.017037 0.764111 -0.088521 -0.994130 0.062204
-0.028092 0.016627 0.764282 -0.029693 -0.997153 0.069312
-0.019923 0.016599 0.764175 0.028439 -0.996860 0.073898
-0.011974 0.016938 0.764153 0.075094 -0.994276 0.076004
-0.003982 0.017619 0.763940 0.098371 -0.992205 0.076504
0.004045 0.018465 0.764035 0.112983 -0.990914 0.072972
0.012008 0.019455 0.764033 0.154175 -0.986067 0.062465
0.019816 0.021518 0.763946 0.466378 -0.882830 0.055708
0.024206 0.023762 0.761679 0.869137 -0.493638 0.030376
-0.056223 0.030932 0.761399 -0.947168 -0.264332 0.181663
-0.054366 0.027722 0.764246 -0.904450 -0.387446 0.178483
0.023654 0.024395 0.764218 0.748934 -0.661107 0.045119
0.025943 0.028096 0.764056 0.905050 -0.423793 0.035839
-0.056747 0.036482 0.763413 -0.973644 -0.127577 0.189054
-0.055675 0.034397 0.766359 -0.966555 -0.167037 0.194603
0.028156 0.035934 0.764041 0.989014 -0.143997 0.033399
-0.056857 0.043871 0.763776 -0.980260 0.057378 0.189206
-0.055731 0.045727 0.767168 -0.974847 0.103422 0.197426
0.028483 0.043955 0.764091 0.995996 0.081069 0.037692
-0.056485 0.050009 0.762313 -0.967864 0.172784 0.182718
-0.055128 0.052872 0.764831 -0.949557 0.252192 0.186388
0.026859 0.051990 0.763904 0.937980 0.344621 0.037827
-0.052138 0.060008 0.764139 -0.826059 0.538540 0.166135
-0.047382 0.063327 0.765383 -0.506054 0.854940 0.113960
0.004798 0.063560 0.764499 0.137921 0.988681 0.059057
0.012100 0.062831 0.764074 0.154510 0.986377 0.056457
0.020515 0.060329 0.764130 0.509488 0.858580 0.057118
0.024671 0.056968 0.763438 0.796123 0.603519 0.044190
-0.048741 0.064500 0.762151 -0.585929 0.799576 0.131778
-0.044144 0.065649 0.764016 -0.284491 0.955061 0.083206
-0.036123 0.066692 0.764039 -0.089329 0.994189 0.060064
-0.028166 0.067059 0.764299 -0.013773 0.997915 0.063053
-0.019973 0.066815 0.764049 0.050211 0.996549 0.066099
-0.011727 0.066101 0.764169 0.099618 0.992916 0.064767
-0.004069 0.065214 0.763970 0.127644 0.989848 0.062515
0.003152 0.064579 0.763664 0.138745 0.988453 0.060919
0.009222 0.064171 0.762489 0.139248 0.988438 0.060001
-0.049633 0.022141 0.771721 -0.714691 -0.681399 0.157837
-0.044135 0.018871 0.772085 -0.309762 -0.946693 0.088435
-0.036001 0.017525 0.772066 -0.081534 -0.994829 0.060556
-0.028006 0.017103 0.771970 -0.021466 -0.997573 0.066240
-0.020032 0.017106 0.771966 0.031878 -0.996821 0.073024
-0.011963 0.017540 0.772037 0.074056 -0.994595 0.072778
-0.003998 0.018208 0.772034 0.094679 -0.993233 0.067263
0.003950 0.019001 0.771963 0.106159 -0.992423 0.061867
0.011993 0.019940 0.772050 0.148915 -0.987301 0.055334
0.019590 0.021870 0.771950 0.462958 -0.884391 0.059346
-0.052837 0.027847 0.772009 -0.902692 -0.385649 0.190845
0.023374 0.024702 0.772294 0.747338 -0.661868 0.058447
0.025750 0.028463 0.771877 0.903714 -0.424877 0.052729
-0.056198 0.038788 0.768586 -0.975731 -0.082805 0.202713
-0.054817 0.035840 0.772198 -0.968381 -0.136985 0.208501
0.027805 0.035957 0.772122 0.989046 -0.137883 0.052691
-0.056160 0.042454 0.768662 -0.978855 0.022374 0.203327
-0.055076 0.044049 0.772262 -0.975636 0.058325 0.211503
0.028100 0.043924 0.772021 0.995080 0.082467 0.054904
-0.053934 0.051866 0.772119 -0.953311 0.223033 0.203606
0.026517 0.051980 0.771915 0.932982 0.355640 0.055362
-0.050853 0.059532 0.772120 -0.838975 0.512398 0.183217
-0.046924 0.063177 0.773055 -0.578663 0.803551 0.139481
-0.001474 0.063856 0.773302 0.129339 0.990210 0.052486
0.004070 0.063308 0.772200 0.133967 0.989623 0.051949
0.012040 0.062515 0.771908 0.152931 0.986908 0.051236
0.020508 0.059783 0.771981 0.518320 0.853126 0.059333
0.024371 0.056576 0.771483 0.817448 0.573153 0.057216
-0.043779 0.065194 0.771821 -0.342830 0.934199 0.098688
-0.035815 0.066173 0.772074 -0.084644 0.994390 0.063433
-0.027918 0.066503 0.772084 -0.007564 0.997687 0.067551
-0.019937 0.066219 0.772070 0.050755 0.996340 0.068777
-0.012058 0.065633 0.772031 0.094455 0.993422 0.064736
-0.004276 0.064811 0.771886 0.123441 0.990622 0.058560
0.003467 0.064441 0.771525 0.134526 0.989411 0.054480
-0.048856 0.023024 0.779131 -0.759970 -0.621006 0.191827
-0.044280 0.019897 0.780140 -0.434389 -0.891456 0.128891
-0.035969 0.018013 0.780024 -0.079015 -0.995157 0.058477
-0.027967 0.017632 0.779962 -0.014785 -0.997762 0.065208
-0.019974 0.017666 0.780014 0.030138 -0.997355 0.066140
-0.011983 0.018052 0.779990 0.069212 -0.995903 0.058190
-0.003921 0.018700 0.780085 0.090185 -0.994591 0.051533
0.003983 0.019467 0.780024 0.102579 -0.993426 0.050818
0.012032 0.020369 0.780052 0.150828 -0.987235 0.051166
0.019171 0.022160 0.779920 0.454235 -0.888660 0.062878
-0.051016 0.027907 0.780134 -0.893169 -0.365281 0.262333
0.023013 0.025026 0.780389 0.747566 -0.660734 0.067638
0.025459 0.028885 0.779836 0.910805 -0.407225 0.067842
-0.052883 0.035907 0.780280 -0.943109 -0.118298 0.310728
0.027317 0.035967 0.780032 0.988116 -0.136872 0.069952
-0.053126 0.043904 0.780304 -0.944909 0.048081 0.323783
0.027615 0.043896 0.780034 0.994059 0.083019 0.070383
-0.052015 0.051880 0.780273 -0.930156 0.208878 0.301959
0.023753 0.055638 0.781788 0.844712 0.530352 0.072025
0.026061 0.051738 0.779995 0.934413 0.349321 0.069629
-0.049657 0.058645 0.780014 -0.855730 0.453871 0.248450
-0.046264 0.062479 0.780717 -0.668138 0.715918 0.202614
-0.002866 0.063715 0.780311 0.119003 0.991802 0.046561
0.004304 0.063054 0.780093 0.132544 0.990276 0.042254
0.012065 0.062096 0.780109 0.159914 0.986115 0.044766
0.020610 0.059169 0.779984 0.555895 0.828721 0.064826
0.024212 0.056318 0.779347 0.795479 0.602463 0.065199
-0.042661 0.064938 0.779427 -0.357141 0.927327 0.111870
-0.036181 0.065671 0.780138 -0.093168 0.993124 0.070883
-0.028013 0.065984 0.779884 -0.007449 0.997280 0.073331
-0.019919 0.065754 0.780036 0.046764 0.996734 0.065829
-0.011957 0.065109 0.780163 0.086646 0.994641 0.056413
-0.005009 0.064659 0.779854 0.113222 0.992378 0.048639
0.001881 0.064276 0.779400 0.130014 0.990510 0.044557
-0.048262 0.023326 0.784918 -0.768703 -0.549044 0.328094
-0.043535 0.021132 0.787838 -0.608591 -0.733554 0.302517
-0.036362 0.018291 0.787919 -0.165268 -0.985813 0.029308
-0.027915 0.017997 0.787486 0.000878 -1.000000 0.000203
-0.019977 0.018094 0.787896 0.030378 -0.999015 0.032353
-0.011934 0.018436 0.787885 0.061133 -0.997608 0.032275
-0.004013 0.019008 0.787953 0.087061 -0.995791 0.028640
0.003955 0.019785 0.788021 0.107033 -0.993804 0.029960
0.012009 0.020743 0.788029 0.163072 -0.985708 0.042275
0.018740 0.022471 0.787844 0.463878 -0.883151 0.069722
-0.049165 0.028880 0.785987 -0.856142 -0.273396 0.438492
-0.046606 0.027165 0.789383 -0.827946 -0.344680 0.442381
0.022715 0.025689 0.788189 0.766906 -0.635716 0.087862
0.025133 0.029597 0.787778 0.919568 -0.382762 0.088816
-0.049779 0.036151 0.787437 -0.887571 -0.101609 0.449326
-0.047594 0.035062 0.791144 -0.895797 -0.130006 0.425026
0.026662 0.035931 0.787988 0.986499 -0.139235 0.086212
-0.049849 0.043806 0.787573 -0.893959 0.045803 0.445802
-0.047709 0.044859 0.791359 -0.905834 0.069299 0.417927
0.026967 0.043812 0.788037 0.993614 0.072736 0.086265
-0.049388 0.051493 0.786644 -0.875325 0.170824 0.452356
-0.047092 0.052711 0.790309 -0.872564 0.219003 0.436657
0.023609 0.055359 0.788771 0.839199 0.536371 0.089726
0.025562 0.051438 0.787803 0.932975 0.349052 0.087863
-0.048679 0.057419 0.785079 -0.844023 0.325429 0.426287
-0.045083 0.060124 0.788333 -0.767839 0.495845 0.405662
-0.039136 0.063665 0.790910 -0.413913 0.893009 0.176666
-0.008994 0.063906 0.789328 0.086913 0.995045 0.048287
-0.003502 0.063514 0.788078 0.110800 0.993018 0.040486
0.004112 0.062883 0.787925 0.129872 0.990914 0.034976
0.012062 0.061768 0.788172 0.174118 0.983809 0.042451
0.020140 0.058814 0.787912 0.569442 0.818776 0.073091
-0.041576 0.064569 0.786939 -0.478024 0.850262 0.220337
-0.035992 0.065441 0.788039 -0.168636 0.984911 0.038887
-0.027960 0.065430 0.787351 0.015312 0.999712 -0.018484
-0.020102 0.065196 0.787680 0.045384 0.998246 0.038019
-0.012210 0.064827 0.787857 0.074656 0.995842 0.052210
-0.004510 0.064551 0.787797 0.105703 0.993499 0.042273
0.000924 0.064094 0.786841 0.123999 0.991555 0.037987
-0.026250 0.015659 0.797183 -0.121613 -0.992001 -0.033822
-0.020936 0.015327 0.798550 -0.072726 -0.995813 -0.055379
-0.013657 0.015283 0.799319 0.062093 -0.948539 -0.310511
-0.041385 0.022434 0.794374 -0.696947 -0.594521 0.401010
-0.036363 0.019408 0.796195 -0.497712 -0.827771 0.258993
-0.028917 0.016691 0.796758 -0.208972 -0.976930 0.044035
-0.019224 0.017858 0.793443 0.074983 -0.984314 -0.159695
-0.011638 0.018342 0.794200 0.079399 -0.993756 -0.078383
-0.003853 0.018964 0.794887 0.101893 -0.993221 -0.055945
0.004184 0.019894 0.795505 0.122925 -0.992311 -0.014465
0.012139 0.021047 0.795935 0.196641 -0.980203 0.023112
0.018170 0.022774 0.795739 0.487610 -0.870321 0.069122
-0.043549 0.027825 0.795937 -0.832856 -0.382031 0.400505
-0.039654 0.024442 0.799310 -0.745333 -0.554798 0.369700
0.022190 0.026425 0.796167 0.785022 -0.610845 0.102999
0.024688 0.030380 0.795424 0.927667 -0.356161 0.112170
-0.048086 0.035831 0.793138 -0.893211 -0.170987 0.415857
-0.045759 0.035885 0.795949 -0.915193 -0.139281 0.378184
0.025851 0.035859 0.796053 0.982733 -0.148435 0.110467
-0.046036 0.043963 0.795883 -0.925956 0.056895 0.373320
0.026186 0.043958 0.795916 0.991284 0.079237 0.105251
-0.044676 0.051929 0.796041 -0.892251 0.236400 0.384712
0.023166 0.054456 0.796468 0.855511 0.506987 0.105193
0.025037 0.050633 0.795640 0.940228 0.321600 0.112002
-0.042251 0.058938 0.795150 -0.788376 0.461093 0.407256
-0.038384 0.062032 0.797453 -0.671854 0.644118 0.365684
-0.009705 0.063869 0.794129 0.117896 0.987062 -0.108670
-0.003596 0.063465 0.795203 0.138776 0.983717 -0.114198
0.004159 0.062745 0.795709 0.149053 0.987329 -0.054452
0.012197 0.061502 0.795892 0.198558 0.980084 0.003220
0.019780 0.058339 0.795850 0.603035 0.794707 0.069200
-0.035288 0.065348 0.795590 -0.454451 0.860949 0.228564
-0.028296 0.066908 0.796260 -0.158548 0.987085 -0.022950
-0.020185 0.066807 0.796350 0.041067 0.976127 -0.213283
-0.012290 0.065354 0.795693 0.132661 0.955993 -0.261686
-0.004591 0.064646 0.796061 0.145279 0.972246 -0.183388
0.000780 0.064410 0.799155 0.200391 0.923380 -0.327434
-0.025153 0.015772 0.802882 -0.183451 -0.980211 0.074378
-0.019570 0.015362 0.803762 -0.110502 -0.992488 0.052500
-0.012288 0.014870 0.804441 -0.035567 -0.998938 0.029275
-0.004410 0.014866 0.805638 0.049115 -0.998603 0.019505
0.002846 0.015377 0.806692 0.146117 -0.989211 -0.010582
-0.035055 0.021171 0.803562 -0.630621 -0.722045 0.284549
-0.028476 0.017368 0.804206 -0.338415 -0.931606 0.132609
-0.022700 0.016222 0.805292 -0.163834 -0.984217 0.066899
-0.002252 0.016771 0.801187 0.199126 -0.857168 -0.474986
0.005175 0.017509 0.803587 0.220897 -0.918850 -0.326985
0.012371 0.019329 0.803984 0.307536 -0.908129 -0.284118
0.018599 0.022181 0.804174 0.571266 -0.785547 -0.237846
-0.041276 0.029277 0.803209 -0.861718 -0.407275 0.302602
-0.038647 0.025905 0.804848 -0.780316 -0.557857 0.282670
0.022363 0.026720 0.802800 0.838374 -0.530166 -0.126699
0.024730 0.030133 0.804577 0.922022 -0.332624 -0.198083
-0.042921 0.035895 0.803977 -0.946807 -0.179551 0.267053
0.025842 0.035994 0.803625 0.977616 -0.147511 -0.150025
-0.043338 0.043880 0.803869 -0.964166 0.061935 0.257969
0.026218 0.043925 0.803698 0.984918 0.073621 -0.156578
-0.041940 0.051640 0.803684 -0.916696 0.284089 0.281001
-0.039431 0.055089 0.806360 -0.847373 0.465414 0.255633
0.023106 0.054196 0.802464 0.870406 0.475443 -0.127856
0.025051 0.050811 0.804256 0.930293 0.307953 -0.199298
-0.040559 0.056936 0.801655 -0.829415 0.448325 0.333279
-0.036679 0.060305 0.804167 -0.720676 0.626707 0.296420
-0.031446 0.063200 0.805692 -0.549061 0.805216 0.223963
0.005807 0.063275 0.801062 0.223827 0.891186 -0.394574
0.012733 0.062386 0.803038 0.299277 0.896326 -0.327158
0.019820 0.058936 0.804211 0.642775 0.724771 -0.248088
-0.033163 0.064795 0.802182 -0.566399 0.773498 0.284417
-0.028312 0.066254 0.803985 -0.355656 0.922045 0.152778
-0.020183 0.067776 0.804056 -0.115539 0.991918 0.052438
-0.012127 0.068145 0.804399 -0.003494 0.999699 -0.024271
-0.004137 0.067638 0.804700 0.103361 0.985859 -0.131901
0.003490 0.066403 0.805127 0.205861 0.948082 -0.242410
0.010574 0.064913 0.806308 0.301350 0.909943 -0.284943
-0.024617 0.015911 0.808750 -0.202434 -0.976503 0.073904
-0.018895 0.015591 0.811394 -0.108793 -0.992206 0.060757
-0.012004 0.015300 0.811922 -0.025300 -0.997310 0.068802
-0.004166 0.015365 0.811755 0.061475 -0.992805 0.102756
0.002772 0.015649 0.810413 0.131237 -0.982023 0.135677
0.008475 0.015997 0.808587 0.219500 -0.975263 0.026102
-0.033743 0.022418 0.811664 -0.670812 -0.732312 0.117178
-0.028168 0.018378 0.811928 -0.449537 -0.887696 0.099563
-0.021311 0.016406 0.812637 -0.160300 -0.984927 0.064988
-0.012882 0.016100 0.814912 -0.034132 -0.996967 0.069935
-0.002420 0.016181 0.814404 0.091719 -0.989576 0.111028
0.004742 0.016627 0.812911 0.166890 -0.973351 0.157275
0.012030 0.018096 0.812247 0.305937 -0.933828 0.185387
0.019239 0.021469 0.812272 0.575609 -0.793152 0.198960
-0.040335 0.031128 0.810461 -0.905417 -0.403153 0.132997
-0.037796 0.027334 0.812030 -0.818495 -0.566713 0.094353
0.022972 0.025386 0.813257 0.776122 -0.579990 0.247482
0.025371 0.028970 0.812323 0.901445 -0.404080 0.155294
-0.041448 0.035894 0.811867 -0.973261 -0.220556 0.064168
-0.039928 0.032478 0.813681 -0.928277 -0.371108 0.024084
0.027290 0.035788 0.812692 0.976293 -0.173370 0.129593
-0.041971 0.043975 0.811744 -0.995877 0.070523 0.057063
0.027718 0.043940 0.812655 0.988969 0.085298 0.121100
-0.040819 0.050373 0.811704 -0.954224 0.290295 0.072015
-0.039112 0.054196 0.812121 -0.887064 0.453943 0.083983
0.023676 0.055199 0.815124 0.807697 0.491459 0.325719
0.026076 0.051773 0.812382 0.923442 0.354102 0.147872
-0.035448 0.059290 0.811660 -0.742979 0.658575 0.119420
-0.030651 0.063204 0.812517 -0.588314 0.800811 0.112199
0.014260 0.063334 0.813273 0.382710 0.901060 0.204022
0.020475 0.059837 0.812482 0.640978 0.745128 0.184206
0.024322 0.056652 0.811257 0.821117 0.559027 0.115134
-0.027245 0.065702 0.811668 -0.438296 0.891030 0.118158
-0.020036 0.067251 0.811949 -0.135612 0.988172 0.071599
-0.012076 0.067769 0.812185 -0.022918 0.997211 0.071026
-0.004083 0.067526 0.812071 0.068215 0.993182 0.094529
0.003940 0.066495 0.812163 0.165185 0.977700 0.129676
0.011058 0.065068 0.811475 0.284234 0.949931 0.129779
0.016450 0.064472 0.810221 0.363568 0.931508 0.010516
-0.018039 0.015756 0.819361 -0.087265 -0.994086 0.064629
-0.011851 0.015642 0.819342 0.000809 -0.997069 0.076507
-0.005231 0.015718 0.818554 0.088463 -0.990625 0.104102
0.000135 0.015981 0.816823 0.144360 -0.980789 0.131199
-0.034001 0.022244 0.820373 -0.611616 -0.781336 -0.124257
-0.027891 0.018574 0.820040 -0.376397 -0.926266 0.018887
-0.020418 0.016651 0.820275 -0.145597 -0.987276 0.063928
-0.012093 0.016260 0.821003 -0.005417 -0.997134 0.075466
-0.003537 0.016493 0.820590 0.114458 -0.987275 0.110393
0.004083 0.017583 0.820094 0.215812 -0.963307 0.159575
0.012137 0.020098 0.820063 0.393753 -0.886545 0.242891
0.017706 0.022727 0.819088 0.581052 -0.753429 0.307773
-0.040945 0.030395 0.821044 -0.837000 -0.455730 -0.302888
-0.037911 0.026886 0.819205 -0.780864 -0.596525 -0.185499
0.021335 0.027380 0.820366 0.774138 -0.533636 0.340504
0.024682 0.030640 0.817523 0.877291 -0.350233 0.328174
-0.042332 0.035913 0.819585 -0.929524 -0.234608 -0.284507
-0.039952 0.032295 0.816247 -0.922110 -0.379753 -0.074173
0.023474 0.033662 0.822793 0.889739 -0.305091 0.339534
0.025443 0.036341 0.819683 0.928409 -0.187883 0.320556
-0.042912 0.043903 0.819618 -0.949205 0.072146 -0.306276
0.023744 0.046843 0.823630 0.909573 0.235188 0.342584
0.025730 0.043776 0.820040 0.941301 0.105478 0.320666
-0.041465 0.051046 0.820240 -0.892089 0.344177 -0.292780
-0.039221 0.054455 0.818413 -0.859213 0.480300 -0.176253
0.022558 0.052949 0.820931 0.831773 0.438013 0.341026
0.024933 0.050210 0.818388 0.885983 0.324687 0.331078
-0.040445 0.056384 0.823638 -0.776368 0.565734 -0.277845
-0.035777 0.059439 0.819910 -0.707697 0.685847 -0.169645
-0.030715 0.063356 0.819715 -0.534226 0.843874 -0.049782
0.007004 0.063784 0.822295 0.321350 0.926668 0.194987
0.012532 0.062258 0.820351 0.403990 0.883858 0.235769
0.019042 0.058364 0.819685 0.641621 0.701354 0.310523
-0.026867 0.065292 0.820039 -0.355868 0.933868 0.035341
-0.019891 0.066696 0.819945 -0.137706 0.987918 0.071093
-0.011910 0.067131 0.820214 -0.006689 0.996980 0.077371
-0.004028 0.066688 0.819963 0.105497 0.989065 0.103055
0.003689 0.065341 0.819936 0.216083 0.964762 0.150141
0.009277 0.064545 0.817875 0.284425 0.939264 0.192058
-0.017442 0.015947 0.825089 -0.064689 -0.995569 0.068247
-0.012455 0.015859 0.825822 0.014902 -0.996745 0.079232
-0.007950 0.015843 0.824619 0.087510 -0.991482 0.096468
-0.034905 0.022084 0.828109 -0.515615 -0.856806 0.004936
-0.028026 0.018895 0.827999 -0.316912 -0.947353 0.045716
-0.020052 0.017031 0.828082 -0.129962 -0.989582 0.061941
-0.011928 0.016585 0.828299 0.021657 -0.996361 0.082434
-0.003894 0.017206 0.828083 0.153489 -0.980924 0.119284
0.004054 0.018966 0.828083 0.291215 -0.939036 0.182770
0.011461 0.021914 0.827635 0.480749 -0.833914 0.271049
0.016403 0.023733 0.824599 0.628121 -0.707524 0.323842
-0.042295 0.028771 0.828432 -0.787479 -0.609298 -0.092912
-0.038843 0.025051 0.827915 -0.661113 -0.748486 -0.051944
0.014764 0.025046 0.829801 0.631994 -0.701718 0.328901
0.018788 0.028356 0.827618 0.764496 -0.539160 0.353344
-0.045799 0.035814 0.828337 -0.942627 -0.287098 -0.170381
0.022010 0.035707 0.828329 0.898995 -0.251368 0.358640
0.024321 0.037850 0.825121 0.931503 -0.121272 0.342921
-0.046546 0.043887 0.828439 -0.978422 0.091390 -0.185305
0.022500 0.044073 0.828569 0.923270 0.134262 0.359926
0.024304 0.042780 0.825300 0.934620 0.083760 0.345645
-0.043753 0.052110 0.828180 -0.870561 0.471168 -0.141859
0.020125 0.051877 0.828035 0.825054 0.441783 0.352297
-0.040730 0.056787 0.828682 -0.745413 0.662432 -0.074456
-0.036181 0.060385 0.828017 -0.593507 0.804738 -0.012057
-0.030181 0.063424 0.828083 -0.377278 0.924828 0.048525
0.005413 0.063129 0.828785 0.333065 0.923565 0.189990
0.012319 0.059983 0.828175 0.507111 0.818557 0.269820
0.017152 0.057077 0.826615 0.665081 0.672595 0.324473
-0.026709 0.064923 0.828027 -0.291886 0.955167 0.049574
-0.019949 0.066144 0.827943 -0.134837 0.989024 0.060424
-0.011965 0.066500 0.828404 0.012359 0.997045 0.075822
-0.003993 0.065793 0.828017 0.149172 0.982599 0.110663
0.002345 0.064692 0.827246 0.256306 0.953811 0.156693
-0.034388 0.022437 0.835337 -0.501925 -0.755845 0.420439
-0.028020 0.020318 0.836885 -0.352648 -0.791968 0.498424
-0.020102 0.017865 0.836638 -0.153235 -0.932950 0.325765
-0.012078 0.017252 0.836360 0.035150 -0.976664 0.211875
-0.004026 0.018202 0.836165 0.204877 -0.959921 0.191252
0.004085 0.020738 0.836100 0.388191 -0.886867 0.250550
0.009570 0.023045 0.834707 0.523295 -0.799232 0.295619
-0.042002 0.029381 0.834662 -0.679951 -0.463251 0.568389
-0.036665 0.027337 0.837485 -0.519502 -0.429747 0.738536
-0.030989 0.024921 0.839534 -0.416990 -0.467800 0.779284
0.013101 0.026948 0.836637 0.670573 -0.644829 0.366780
0.017127 0.030295 0.834398 0.786894 -0.489253 0.376070
-0.043624 0.036092 0.835728 -0.658392 -0.188905 0.728584
-0.038610 0.035227 0.839085 -0.564880 -0.194673 0.801881
0.015593 0.032435 0.839648 0.780502 -0.422772 0.460522
0.018841 0.035875 0.836040 0.875585 -0.266788 0.402709
-0.048189 0.042030 0.833447 -0.587963 0.025897 0.808473
-0.043872 0.043830 0.835968 -0.648688 0.072531 0.757590
-0.039065 0.044388 0.839349 -0.587851 0.086462 0.804336
0.019548 0.043864 0.836022 0.904694 0.131740 0.405184
-0.042722 0.051309 0.835268 -0.653114 0.293930 0.697888
-0.037519 0.052535 0.838476 -0.530942 0.286032 0.797675
-0.031917 0.055885 0.839732 -0.453349 0.429952 0.780779
0.014550 0.053879 0.837434 0.719812 0.567032 0.400431
0.017643 0.050709 0.835365 0.817155 0.429134 0.384841
-0.040714 0.056719 0.834209 -0.682300 0.556605 0.473980
-0.035537 0.058870 0.836436 -0.523951 0.564193 0.638092
-0.029011 0.061783 0.837881 -0.385190 0.660278 0.644718
-0.022072 0.063201 0.839602 -0.234718 0.720517 0.652505
-0.001235 0.063573 0.837796 0.269526 0.927486 0.259086
0.004360 0.061917 0.836249 0.387652 0.881730 0.268846
0.011190 0.058122 0.835570 0.576619 0.749602 0.324971
-0.026232 0.064677 0.835493 -0.307352 0.903142 0.299783
-0.020006 0.065499 0.836405 -0.161495 0.939083 0.303384
-0.012094 0.065824 0.836480 0.019439 0.971800 0.235005
-0.004592 0.065003 0.835811 0.182262 0.965449 0.186249
0.000988 0.064422 0.834262 0.276664 0.943484 0.182469
-0.025868 0.022867 0.840895 -0.327446 -0.571020 0.752805
-0.019599 0.021691 0.842144 -0.202361 -0.671026 0.713284
-0.012012 0.021159 0.842908 -0.012867 -0.729755 0.683588
-0.004288 0.021335 0.842394 0.155512 -0.664289 0.731120
0.002898 0.022429 0.841507 0.315308 -0.645430 0.695702
0.008089 0.023519 0.841761 0.371700 -0.356095 0.857342
-0.033417 0.029936 0.841018 -0.521118 -0.377675 0.765374
-0.027932 0.027944 0.843547 -0.490748 -0.534120 0.688391
-0.020762 0.025601 0.845807 -0.331973 -0.775559 0.536937
-0.011828 0.024554 0.846842 0.034356 -0.885130 0.464075
-0.003288 0.026008 0.845973 0.337133 -0.675924 0.655338
0.003961 0.027850 0.844176 0.357518 -0.421088 0.833586
0.010795 0.028958 0.841984 0.462542 -0.417477 0.782156
0.016389 0.031836 0.840618 0.632778 -0.335130 0.698054
-0.034764 0.036229 0.842307 -0.616474 -0.199610 0.761653
-0.030156 0.035232 0.846027 -0.695704 -0.300339 0.652528
0.005362 0.035493 0.846191 0.530390 -0.213285 0.820485
0.012020 0.035863 0.843307 0.408319 -0.158587 0.898958
0.016841 0.037136 0.841132 0.724994 -0.183992 0.663725
-0.035139 0.043788 0.842552 -0.638547 0.077763 0.765644
-0.030712 0.044135 0.846507 -0.748187 0.113314 0.653740
0.005985 0.044043 0.846436 0.563497 0.084465 0.821789
0.012014 0.043883 0.843700 0.389310 0.063353 0.918925
0.017022 0.043444 0.841339 0.705840 0.091863 0.702390
-0.034056 0.051018 0.841517 -0.567656 0.294728 0.768702
-0.028904 0.052294 0.844803 -0.594255 0.433664 0.677346
-0.022920 0.055158 0.846908 -0.462445 0.679116 0.570041
-0.001544 0.054972 0.847029 0.437398 0.612529 0.658400
0.004468 0.052107 0.845328 0.438703 0.356309 0.824975
0.011552 0.051395 0.842567 0.443263 0.304634 0.843040
0.016293 0.048786 0.840752 0.688721 0.300590 0.659780
-0.032245 0.056671 0.840187 -0.469529 0.420985 0.776089
-0.027304 0.058205 0.841756 -0.408778 0.536827 0.738050
-0.020146 0.059974 0.843484 -0.267143 0.704561 0.657441
-0.012020 0.060877 0.843986 -0.018561 0.767233 0.641100
-0.003995 0.060113 0.843652 0.199440 0.684543 0.701160
0.003523 0.058740 0.842422 0.313573 0.565658 0.762695
0.009334 0.057029 0.841173 0.473936 0.568917 0.672100
-0.017834 0.064495 0.840402 -0.169484 0.707375 0.686218
-0.011563 0.064731 0.840753 -0.020330 0.772187 0.635070
-0.005431 0.064597 0.840706 0.107139 0.814253 0.570537
-0.025065 0.030806 0.849188 -0.562977 -0.525263 0.638088
-0.020040 0.028381 0.851315 -0.438446 -0.806244 0.397159
-0.011979 0.026397 0.851246 0.057665 -0.921254 0.384662
-0.004231 0.028907 0.851127 0.516458 -0.743772 0.424352
0.000577 0.031376 0.848605 0.621091 -0.462789 0.632513
-0.026762 0.035900 0.851175 -0.825081 -0.355500 0.439159
-0.023202 0.032906 0.850788 -0.724384 -0.557228 0.405912
-0.000827 0.033421 0.851778 0.799452 -0.496310 0.338457
0.001747 0.036403 0.851016 0.838884 -0.288309 0.461684
-0.027676 0.043823 0.851067 -0.889574 0.114600 0.442182
-0.000354 0.046760 0.850737 0.886694 0.387615 0.252050
0.002311 0.043766 0.851098 0.890945 0.138748 0.432396
-0.025767 0.050122 0.850909 -0.777907 0.471539 0.415345
-0.021183 0.053673 0.851596 -0.578034 0.771654 0.265381
-0.011647 0.055539 0.852477 0.081024 0.980053 0.181469
-0.003020 0.052660 0.851636 0.621100 0.725529 0.296382
0.001059 0.049639 0.849897 0.683594 0.422624 0.595053
-0.017996 0.056838 0.850260 -0.333750 0.850522 0.406477
-0.012031 0.057045 0.850982 -0.004159 0.952826 0.303489
-0.006349 0.056660 0.849050 0.282849 0.789536 0.544638
-0.024254 0.031545 0.859388 -0.740160 -0.665871 0.093698
-0.019703 0.029270 0.860681 -0.433015 -0.781593 0.449010
-0.011971 0.027775 0.861118 0.052700 -0.837745 0.543513
-0.004719 0.029557 0.860449 0.519600 -0.753717 0.402401
-0.026058 0.035714 0.860227 -0.855614 -0.495311 0.150305
-0.021893 0.033780 0.863143 -0.356453 -0.427521 0.830763
-0.002190 0.034451 0.862338 0.539699 -0.354776 0.763452
0.001195 0.036767 0.859982 0.907790 -0.296892 0.296263
-0.027280 0.043818 0.859920 -0.992020 0.121410 -0.033995
-0.001344 0.044253 0.863193 0.541312 0.129444 0.830798
0.001624 0.043777 0.860273 0.937094 0.158900 0.310814
-0.025388 0.049682 0.859951 -0.868980 0.493506 -0.036391
-0.020390 0.053485 0.860583 -0.493888 0.844639 0.206542
-0.011367 0.054549 0.861861 0.102478 0.877161 0.469135
-0.003728 0.051942 0.861035 0.565878 0.691384 0.449188
0.000304 0.048906 0.859625 0.836025 0.528728 0.146662
-0.016956 0.056301 0.859503 -0.328004 0.933517 0.144777
-0.012653 0.056612 0.859503 -0.033079 0.982522 0.183182
-0.007392 0.056356 0.859706 0.240570 0.933260 0.266744
-0.018447 0.030627 0.869707 -0.076212 -0.149437 0.985830
-0.012039 0.030276 0.868732 0.029041 -0.367854 0.929430
-0.005908 0.030693 0.870059 0.083160 -0.110406 0.990401
-0.026182 0.037289 0.868215 -0.651204 -0.436146 0.621055
-0.020010 0.035733 0.869407 -0.140308 -0.160768 0.976968
-0.011957 0.035997 0.870341 -0.001980 -0.000004 0.999998
-0.004210 0.036011 0.869142 0.255335 -0.150909 0.955003
0.000365 0.038198 0.870115 0.254898 -0.055339 0.965383
-0.026454 0.043684 0.868593 -0.694331 0.096520 0.713153
-0.019972 0.044019 0.870292 -0.023471 0.012576 0.999645
-0.012012 0.044013 0.870329 -0.009736 0.007809 0.999922
-0.003793 0.043998 0.869556 0.193830 0.052880 0.979609
0.000497 0.042943 0.870098 0.298853 0.049208 0.953030
-0.025318 0.049624 0.867691 -0.771445 0.444598 0.455199
-0.019708 0.050895 0.869604 -0.120176 0.243378 0.962458
-0.012022 0.051729 0.869830 -0.002217 0.186955 0.982366
-0.005246 0.050392 0.869743 0.143032 0.189147 0.971476
